normal
11111111111111111
11111000011111111
11111000110000000
1111110110000R001
11111102100111000
11111120100011110
11111020000021111
11110010000411111
11111100010111111
11111220000111111
11110002001111111
11110002222111111
11111001000011111
11111100011111111
11111300001111111
11111111111111111
11111111111111111
X
_strt
11111111111111111
11111100011111111
11111100000001111
11111000100011111
11111100000111111
1111S001000111111
11111000000001111
11111100000000011
111110000022R0000
11111111111111111
X
_key1
22222222222
22222222222
22222222222
22222222222
22222222222
22222222222
22222222222
22222222222
22222222222
22222222222
X
_key2
22222222222
22222222222
22222222222
22222222222
22222222222
22222222222
22222222222
22222222222
22222222222
22222222222
X
_end.
22222222222
22222222222
22222222222
22222222222
22222222222
22222222222
22222222222
22222222222
22222222222
22222222222
X
