normal
1111111111
0000000011
0000000111
L000000011
1100010001
1100000111
0000100011
L220000111
1111000111
1111111111
X
_strt
11111111111111111
11100001100011111
110001000000000S1
11110000100001111
10000000001000111
00001110011000111
L0011100001011111
11001000100011111
10001101111011111
11111111111111111
X 10y 17x
_key1
22222222222
22222222222
22222222222
22222222222
22222222222
22222222222
22222222222
22222222222
22222222222
22222222222
X
_key2
22222222222
22222222222
22222222222
22222222222
22222222222
22222222222
22222222222
22222222222
22222222222
22222222222
X
_end.
22222222222
22222222222
22222222222
22222222222
22222222222
22222222222
22222222222
22222222222
22222222222
22222222222
X