normal
1100U00011
1000000011
1000000011
1000000011
1100010001
1100000111
1000100011
1000000111
1111000111
1111111111
X
_strt
1100U01111
1110000111
1000010011
1000010001
1100000111
11000S0111
1000110111
1000000011
1111000011
1111111111
X
_key1
22222222222
22222222222
22222222222
22222222222
22222222222
22222222222
22222222222
22222222222
22222222222
22222222222
X
_key2
22222222222
22222222222
22222222222
22222222222
22222222222
22222222222
22222222222
22222222222
22222222222
22222222222
X
_.end.
22222222222
22222222222
22222222222
22222222222
22222222222
22222222222
22222222222
22222222222
22222222222
22222222222
X