normal
1 1 1 1 1 1 1 1 1 1 1 1 1 1 1 1 1
1 1 . . . 1 1 1 1 1 . 1 1 1 1 1 1
1 . . 1 1 1 1 1 1 1 1 1 1 1 1 1 1
1 1 1 1 1 1 1 1 1 1 1 1 1 1 1 1 1
1 1 1 . . . . 1 1 . . . 1 1 1 1 1
1 1 . . . 1 . . . . . . . . . S 1
1 1 1 1 . . . . 1 . . . . 1 1 1 1
1 . . . . . . . . . 1 . . . 1 1 1
. . . . 1 1 1 . . 1 1 . . . 1 1 1
. L . 1 1 1 . . . . 1 . 1 1 1 1 1
1 1 . . 1 . . . 1 . . . 1 1 1 1 1
1 . . . 1 1 . 1 1 1 1 . 1 1 1 1 1
1 1 1 1 1 1 1 1 1 1 1 1 1 1 1 1 1
1 1 1 1 1 1 1 1 1 1 1 1 1 1 1 . .
1 1 1 1 1 1 1 1 1 1 . 1 1 1 . . .
1 1 1 . . 1 1 1 1 1 1 1 1 . . . .
1 1 1 1 1 1 1 1 1 1 1 1 1 1 . . .
X
_strt
1 1 1 1 1 1 1 1 1 1 1 1 1 1 1 1 1
1 1 1 1 1 1 0 1 1 1 1 1 1 1 1 1 1
1 1 1 1 1 1 1 1 1 1 0 1 1 1 1 1 1
1 1 1 1 1 1 1 1 1 1 1 1 1 1 1 1 1
1 1 1 1 1 1 1 1 1 1 1 1 1 1 1 1 1
1 1 1 0 0 0 0 1 1 0 0 0 1 1 1 1 1
1 1 0 0 0 1 0 0 0 0 0 0 0 0 0 S 1
1 1 1 1 0 0 0 0 1 0 0 0 0 1 1 1 1
1 0 0 0 0 0 0 0 0 0 1 0 0 0 1 1 1
0 0 0 0 1 1 1 0 0 1 1 0 0 0 1 1 1
0 L 0 1 1 1 0 0 0 0 1 0 1 1 1 1 1
1 1 0 0 1 0 0 0 1 0 0 0 1 1 1 1 1
1 0 0 0 1 1 0 1 1 1 1 0 1 1 1 1 1
1 1 1 1 1 1 1 1 1 1 1 1 1 1 1 1 1
1 1 1 1 1 1 1 1 1 1 1 1 1 1 1 1 1
1 1 1 1 1 1 1 1 1 1 0 1 1 1 1 1 1
1 1 1 1 1 1 1 1 1 1 1 1 1 1 1 1 1
1 1 1 1 1 1 1 1 1 1 0 1 1 1 1 1 1
1 1 1 1 1 1 0 1 1 1 1 1 1 1 1 1 1
X
_key1
11111111111111111
11111101111111111
11111111110111111
11111111111111111
11111111111111111
11100001100011111
110001000000000S1
11110000100001111
10000000001000111
00001110011000111
0L011100001011111
11001000100011111
10001101111011111
11111111111111111
11111111111111111
11111111110111111
11111111111111111
11111111110111111
11111101111111111
X
_key2
11111111111111111
11111101111111111
11111111110111111
11111111111111111
11111111111111111
11100001100011111
110001000000000S1
11110000100001111
10000000001000111
00001110011000111
0L011100001011111
11001000100011111
10001101111011111
11111111111111111
11111111111111111
11111111110111111
11111111111111111
11111111110111111
11111101111111111
X
_end.
11111111111111111
11111101111111111
11111111110111111
11111111111111111
11111111111111111
11100001100011111
110001000000000S1
11110000100001111
10000000001000111
00001110011000111
0L011100001011111
11001000100011111
10001101111011111
11111111111111111
11111111111111111
11111111110111111
11111111111111111
11111111110111111
11111101111111111
X