normal
1111111111
1000000011
1000000011
1000000011
1100010001
1100000111
1000100011
1000000111
1111000111
1111D0D111
X
_strt
00000111111111111
00011111111111111
01111111111011111
11111111111011111
10011111111011111
10100011111110111
11001111111110111
11011111111110011
10011110000111011
11111000010011111
11111000010001111
11111100010111111
111111000S0111111
11111000110111111
11111220000011111
11111111000011111
11111111D0D111111
X
_key1
22222222222
22222222222
22222222222
22222222222
22222222222
22222222222
22222222222
22222222222
22222222222
22222222222
X
_key2
22222222222
22222222222
22222222222
22222222222
22222222222
22222222222
22222222222
22222222222
22222222222
22222222222
X
_end.
22222222222
22222222222
22222222222
22222222222
22222222222
22222222222
22222222222
22222222222
22222222222
22222222222
X