normal
11111111111111111
11111111111111111
11110000013311111
11111100220011111
11100000001111111
00110000000000000
00L000000000R0000
11111100001111111
11100100011110111
11100000000110111
11100020000011111
11110021101001111
11111102000001111
10111111D00011101
10011111000111111
11011111000110111
11111111001111111
X
mod-strt
11111111111
11000001331
11110022001
10000000111
11000000000
L000000000R
11110000011
14010000001
10000001111
10002000011
11002110001
11110200001
111111D0011
X
mod-key1
11111111111
11000001331
11110022001
10000000111
11000000000
L000000000R
11110000011
14010000001
10000001111
10002000011
11002110001
11110200001
111111D0011
X
mod-key2
11111111111
11000001331
11110022001
10000000111
11000000000
L000000000R
11110000011
14010000001
10000001111
10002000011
11002110001
11110200001
111111D0011
X
mod-end.
11111111111
11000001331
11110022001
10000000111
11000000000
L000000000R
11110000011
14010000001
10000001111
10002000011
11002110001
11110200001
111111D0011
X