normal
1100U111111
10000201111
10001120011
11000020001
10000011041
10000000011
11100010011
11110000001
10000001041
11000001111
00000011111
L0000011111
11100001111
11100001111
11110000411
11000011111
11110D11111
X
mod-strt
1100U111111
10000201111
10001120011
11000020001
10000011041
10000000011
11100010011
11110000001
10000001041
11000001111
00000011111
L0000011111
11100001111
11100001111
11110000411
11000011111
11110D11111
X
mod-key1
1100U111111
10000201111
10001120011
11000020001
10000011041
10000000011
11100010011
11110000001
10000001041
11000001111
00000011111
L0000011111
11100001111
11100001111
11110000411
11000011111
11110D11111
X
mod-key2
1100U111111
10000201111
10001120011
11000020001
10000011041
10000000011
11100010011
11110000001
10000001041
11000001111
00000011111
L0000011111
11100001111
11100001111
11110000411
11000011111
11110D11111
X
mod-end.
1100U111111
10000201111
10001120011
11000020001
10000011041
10000000011
11100010011
11110000001
10000001041
11000001111
00000011111
L0000011111
11100001111
11100001111
11110000411
11000011111
11110D11111
X